t_stat: 30.426926707528473
p_value: 1.2200331014228873e-198
effect_size: 1.2658797425514488
