t_stat: -128.07765506892736
p_value: 0.0
effect_size: -1.7718096160772665
