t_stat: -7.24682181323065
p_value: 4.42821074559627e-13
effect_size: -0.2200977909304868
