t_stat: 12.283387803421219
p_value: 1.4993656736650677e-34
effect_size: 0.5211603432151758
