t_stat: 11.625083660841051
p_value: 3.906368721746944e-31
effect_size: 0.5328008637677495
