t_stat: 22.612926130181794
p_value: 9.268285180322331e-112
effect_size: 0.3728778370059484
