t_stat: -14.174486970691824
p_value: 2.23187840778852e-45
effect_size: -0.38319749850085477
