t_stat: 10.89801707171103
p_value: 1.4185100334470973e-27
effect_size: 0.1652976052258708
