t_stat: -21.915481375039413
p_value: 3.5837589074558324e-105
effect_size: -0.40770293436757427
