t_stat: -2.6797034482936315
p_value: 0.007375019579891756
effect_size: -0.0728080567850475
