t_stat: 28.561548010326888
p_value: 9.35101520579681e-176
effect_size: 0.760200152462955
