t_stat: 21.18111353215126
p_value: 1.9010195415471927e-98
effect_size: 0.3185624096984277
