t_stat: 2.9448279413046117
p_value: 0.0032352138454909613
effect_size: 0.044793906382447075
