t_stat: -53.12212026725843
p_value: 0.0
effect_size: -0.93427752069065
