t_stat: 27.215564450207072
p_value: 4.5585068676617785e-160
effect_size: 0.4461874702386729
