t_stat: 20.108446402246763
p_value: 5.123848084673464e-89
effect_size: 0.8476339417457749
