t_stat: -14.458515794817561
p_value: 3.916464924387184e-47
effect_size: -0.6614009861066209
