t_stat: 6.863482121978992
p_value: 6.925096692674358e-12
effect_size: 0.20848440296241122
