t_stat: 29.28598130425282
p_value: 1.7386831127670344e-184
effect_size: 0.47873007834772363
