t_stat: -11.5478585212448
p_value: 9.560985580773553e-31
effect_size: -0.3499939335820966
