t_stat: 9.093704913463945
p_value: 1.0482340139043991e-19
effect_size: 0.41734862782904214
