t_stat: -18.720334977090854
p_value: 1.6536033536826428e-77
effect_size: -0.3099571194557778
