t_stat: -9.128407717172843
p_value: 7.62297612580996e-20
effect_size: -0.38797786207450363
