t_stat: -1.5952907133322292
p_value: 0.11066368551024874
effect_size: -0.07336714971322664
