t_stat: -18.724882581950833
p_value: 1.520595175318881e-77
effect_size: -0.5042741577962585
