t_stat: 28.89705958308978
p_value: 8.958495064771243e-180
effect_size: 0.5328076055752935
