t_stat: 11.977179595383296
p_value: 6.130896340082738e-33
effect_size: 0.3629111529027761
