t_stat: 0.7652474230372341
p_value: 0.4441336232678492
effect_size: 0.01164266069791438
