t_stat: 22.27795791136086
p_value: 1.4292786819362353e-108
effect_size: 0.5977399159523604
