t_stat: -15.39875434548012
p_value: 3.4679659879711224e-53
effect_size: -0.6518895756894739
