t_stat: -7.30545178173808
p_value: 2.871433271463393e-13
effect_size: -0.3355331366819601
