t_stat: 15.25294032684243
p_value: 3.1836927339569755e-52
effect_size: 0.23067335321707724
