t_stat: -39.27853450958053
p_value: 0.0
effect_size: -0.7117700386527771
