t_stat: -23.656299374967944
p_value: 5.61283672464875e-122
effect_size: -0.7092090625064668
