t_stat: 25.927768456969215
p_value: 1.0308531095708687e-145
effect_size: 0.4258053096751371
