t_stat: 5.0819415030333115
p_value: 3.770987880013984e-07
effect_size: 0.1380104144343332
