t_stat: 90.62427315133705
p_value: 0.0
effect_size: 1.4286623019408218
