t_stat: -7.064395812852293
p_value: 1.6683369726484182e-12
effect_size: -0.21457175210350543
