t_stat: -2.065318265335091
p_value: 0.038906274371161176
effect_size: -0.06280576435955398
