t_stat: -25.53395113056337
p_value: 1.878635968234995e-141
effect_size: -0.6824122805377444
