t_stat: -29.32677466381155
p_value: 5.529089351356089e-185
effect_size: -0.47936836950322304
