t_stat: 7.03456928773962
p_value: 2.065993795247026e-12
effect_size: 0.3231243048190748
