t_stat: -20.037368342029275
p_value: 2.0796813613045037e-88
effect_size: -0.3017224340261917
