t_stat: -25.468820711716457
p_value: 9.389174363001054e-141
effect_size: -1.0669684730737696
