t_stat: 164.3827446910509
p_value: 0.0
effect_size: 1.9959493943825066
