t_stat: -42.5934520340565
p_value: 0.0
effect_size: -1.7342234301013597
