t_stat: -11.81219236931518
p_value: 4.3599628348890754e-32
effect_size: -0.5413151013218926
