t_stat: -27.48572828909632
p_value: 3.680243554505514e-163
effect_size: -0.4101957809099731
