t_stat: -33.09232658214084
p_value: 1.3309647141161245e-233
effect_size: -0.537780429700537
