t_stat: -9.486351004936308
p_value: 2.6637767545812235e-21
effect_size: -0.25719263075196364
