t_stat: -2.333821778109406
p_value: 0.019615310028574598
effect_size: -0.10732396670431771
