t_stat: -6.915889772727201
p_value: 4.795474257049985e-12
effect_size: -0.21007239478214995
