t_stat: -37.642993886424144
p_value: 2.8876784296120946e-299
effect_size: -1.5473435745482833
