t_stat: -35.374413036498204
p_value: 1.3193435544774604e-265
effect_size: -0.5726680607934285
