t_stat: -27.626170394964326
p_value: 8.849402858391413e-165
effect_size: -0.4122118670784708
