t_stat: 155.1066250984482
p_value: 0.0
effect_size: 1.9467380925740165
