t_stat: -15.425728122887948
p_value: 2.2960804132429673e-53
effect_size: -0.4166268018698657
