t_stat: -6.441518616049808
p_value: 1.2108844623519316e-10
effect_size: -0.19569540265487384
