t_stat: 6.018573991283249
p_value: 1.7915254204248737e-09
effect_size: 0.091483265469148
