t_stat: -2.872597421087401
p_value: 0.004075581461466415
effect_size: -0.05409221824361471
