t_stat: 30.357153739348682
p_value: 9.247521506403416e-198
effect_size: 1.2631098943454886
