t_stat: 7.285646402873063
p_value: 3.3251573525454093e-13
effect_size: 0.3346260016795641
