t_stat: -7.513788022658525
p_value: 5.995480056770897e-14
effect_size: -0.1253528626633787
