t_stat: -11.73358631696042
p_value: 1.0998876639589372e-31
effect_size: -0.35558326780502786
