t_stat: -10.737150003128363
p_value: 8.115729079623748e-27
effect_size: -0.17885559802531006
