t_stat: 22.355683004629533
p_value: 2.626405005918484e-109
effect_size: 0.9400787686818942
