t_stat: 17.687068327210884
p_value: 1.87374207259392e-69
effect_size: 0.33044762846284437
