t_stat: 4.228890612000606
p_value: 2.3593263288636237e-05
effect_size: 0.19440840261048944
