t_stat: -2.0191844561602994
p_value: 0.04348190818865739
effect_size: -0.030717573863117416
