t_stat: -12.540509283613373
p_value: 6.196137959370461e-36
effect_size: -0.33940574518082367
