t_stat: -103.39384011397539
p_value: 0.0
effect_size: -1.5609974954617765
