t_stat: 29.87689605454183
p_value: 9.355942930628325e-192
effect_size: 0.44435822689663523
