t_stat: 19.389756757814315
p_value: 5.841151972018298e-83
effect_size: 0.32083181844698316
