t_stat: 11.080709170443173
p_value: 1.8980078342534416e-28
effect_size: 0.5080133538870367
