t_stat: 8.785020104323074
p_value: 1.6923410404363489e-18
effect_size: 0.2666448156074282
