t_stat: -0.5626729458631825
p_value: 0.5736641735983745
effect_size: -0.015290661981650125
