t_stat: 23.97688631768778
p_value: 3.331471855013982e-125
effect_size: 1.0063368989026078
