t_stat: 4.739064479449834
p_value: 2.1624376867426822e-06
effect_size: 0.07913185020635653
