t_stat: 20.585583807260605
p_value: 3.7353687282889166e-93
effect_size: 0.936520600961159
