t_stat: -16.62753966946196
p_value: 1.1874665749903062e-61
effect_size: -0.7031979857881329
