t_stat: 14.513939341571193
p_value: 1.7633847729621116e-47
effect_size: 0.21962152156508558
