t_stat: 37.526940986605915
p_value: 1.68424575695291e-297
effect_size: 0.9843735949485549
