t_stat: -63.13500086667713
p_value: 0.0
effect_size: -1.0821660360769076
