t_stat: 9.591896826196454
p_value: 9.674356827021095e-22
effect_size: 0.29102350423139356
