t_stat: -6.885732732255067
p_value: 5.926647661526784e-12
effect_size: -0.20915862434262836
