t_stat: 31.82693763624704
p_value: 1.1243896387241296e-216
effect_size: 0.8429737134559191
