t_stat: 10.827434223765922
p_value: 3.058737547630336e-27
effect_size: 0.16423353986110364
