t_stat: -19.02360165717405
p_value: 5.905772014597242e-80
effect_size: -0.8027732398742347
