t_stat: 6.811021523135525
p_value: 9.977417542216786e-12
effect_size: 0.11365826474228867
