t_stat: -25.746240144879664
p_value: 9.652937695662277e-144
effect_size: -0.6878974256209409
