t_stat: 14.33243929359097
p_value: 2.3791772702436043e-46
effect_size: 0.6556949128014617
