t_stat: -28.1508622155348
p_value: 6.781474070746119e-171
effect_size: -0.4197335403012103
