t_stat: -47.30449604998898
p_value: 0.0
effect_size: -0.8432125962509093
