t_stat: -10.976730200161871
p_value: 5.986857911969807e-28
effect_size: -0.5032761095235148
