t_stat: 166.97484642497218
p_value: 0.0
effect_size: 2.008850933252321
