t_stat: -21.888467540922154
p_value: 6.3907875072762465e-105
effect_size: -0.9209147738141082
