t_stat: -31.959371147237245
p_value: 2.0280610658835938e-218
effect_size: -0.5203136866243053
