t_stat: 7.823757070291867
p_value: 5.391014608870955e-15
effect_size: 0.2375666639973146
