t_stat: -19.32000403960625
p_value: 2.2036166512183525e-82
effect_size: -0.8150445422048214
