t_stat: -12.134943852746119
p_value: 9.164848376298107e-34
effect_size: -0.3285140739783005
