t_stat: -39.264852747415844
p_value: 0.0
effect_size: -0.6311879865818038
