t_stat: 166.85846882115007
p_value: 0.0
effect_size: 2.0082792944401335
