t_stat: -30.815149961273896
p_value: 1.4405349872475425e-203
effect_size: -0.4576653219627871
