t_stat: -2.739517436404828
p_value: 0.006158619922341124
effect_size: -0.12597368889403107
