t_stat: -8.777045414605105
p_value: 1.816190813069498e-18
effect_size: -0.26640373299731307
