t_stat: 2.6055929170677214
p_value: 0.009178609392605131
effect_size: 0.11981754830565257
