t_stat: 87.14308016275773
p_value: 0.0
effect_size: 1.389546615979004
