t_stat: -30.700309653726677
p_value: 4.189061609375558e-202
effect_size: -1.2767240507801791
