t_stat: -5.869013578085349
p_value: 4.4560072216472556e-09
effect_size: -0.15934926712551212
