t_stat: -18.075700036778162
p_value: 1.9717499960201511e-72
effect_size: -0.2727037848808777
