t_stat: -31.54879851818898
p_value: 4.9223127028294965e-213
effect_size: -0.5139605644420134
