t_stat: -0.13997664927946157
p_value: 0.8886799068683753
effect_size: -0.004257121895114078
