t_stat: -21.09747664791589
p_value: 1.074117946684278e-97
effect_size: -0.5668030152368854
