t_stat: -18.41577611924085
p_value: 4.3457406608577723e-75
effect_size: -0.839618133163273
