t_stat: -1.0095535487970806
p_value: 0.31272194505691153
effect_size: -0.015359420333188158
