t_stat: 24.679087188459295
p_value: 2.056448147500671e-132
effect_size: 0.40594391954689274
