t_stat: 10.850904187171276
p_value: 2.3703472364837375e-27
effect_size: 0.4607772152291525
