t_stat: -7.076743596402354
p_value: 1.5266409894440091e-12
effect_size: -0.1331133308357681
