t_stat: 0.7998342518079291
p_value: 0.423816721829563
effect_size: 0.024325035528600377
