t_stat: 8.959295696424412
p_value: 3.559827653278788e-19
effect_size: 0.14937608494035556
