t_stat: -12.711364575906295
p_value: 7.197944541020369e-37
effect_size: -0.5391696931618075
