t_stat: 14.615884100325108
p_value: 4.032382844471019e-48
effect_size: 0.3950011336591723
