t_stat: 27.950663730212263
p_value: 1.503961319914969e-168
effect_size: 0.4168655621633966
