t_stat: 3.3404205964915903
p_value: 0.000838108570290558
effect_size: 0.10156306903354657
