t_stat: -60.207143491464166
p_value: 0.0
effect_size: -1.0401068400048878
