t_stat: 5.196799683314349
p_value: 2.0482148038880734e-07
effect_size: 0.2388479880901842
