t_stat: -30.010005872629744
p_value: 2.0673501597400804e-193
effect_size: -0.4462495266874273
