t_stat: -9.147538919400528
p_value: 6.39211780065777e-20
effect_size: -0.27760130157827567
