t_stat: -12.772228713485577
p_value: 3.3204306194074214e-37
effect_size: -0.34562485949213856
