t_stat: -19.31855789208016
p_value: 2.2650101033150507e-82
effect_size: -0.8149846964991585
