t_stat: -38.33583151380644
p_value: 6.620519212159e-310
effect_size: -0.6173267253878634
