t_stat: -2.630404753369282
p_value: 0.008535126443134703
effect_size: -0.12095810576680105
