t_stat: 161.29433954660345
p_value: 0.0
effect_size: 1.9801045748133188
