t_stat: 16.99142220213404
p_value: 2.802076364438044e-64
effect_size: 0.7183616285179091
