t_stat: 1.0395885944596452
p_value: 0.29854415751531205
effect_size: 0.02825030399208179
