t_stat: 8.991706651172832
p_value: 2.6551749405375994e-19
effect_size: 0.1365172197892063
