t_stat: -11.128666923130574
p_value: 1.1134026034121783e-28
effect_size: -0.5101980069794027
