t_stat: -34.99032567197901
p_value: 4.34836556165423e-260
effect_size: -0.566824499056181
