t_stat: -17.03722720176902
p_value: 1.2968672361652689e-64
effect_size: -0.7202693902176257
