t_stat: -8.879433762491306
p_value: 7.299441766283478e-19
effect_size: -0.13481963769129732
