t_stat: 11.169591937510894
p_value: 7.050296555551786e-29
effect_size: 0.5120621498363883
