t_stat: -1.0151065617016635
p_value: 0.31006781418803964
effect_size: -0.0275850530068233
