t_stat: -56.08793264163506
p_value: 0.0
effect_size: -0.9792686264547181
