t_stat: 26.83773676806522
p_value: 8.650013888852158e-156
effect_size: 0.8013396216081495
