t_stat: -26.752209928538523
p_value: 7.902636950346637e-155
effect_size: -0.7988777346520926
