t_stat: 35.18119771210739
p_value: 7.994303293894128e-263
effect_size: 0.5697299019892459
