t_stat: 55.50394577132877
p_value: 0.0
effect_size: 0.9704875869545494
