t_stat: 5.243013586843076
p_value: 1.5964650716758638e-07
effect_size: 0.2409689858029923
