t_stat: -17.67108815668892
p_value: 2.476421609104306e-69
effect_size: -0.5331185900183055
