t_stat: 15.134935744108883
p_value: 1.8865239306696445e-51
effect_size: 0.40886631008514923
