t_stat: -67.94049544388643
p_value: 0.0
effect_size: -1.1490428073032095
