t_stat: 26.318386479864134
p_value: 5.337308128085498e-150
effect_size: 0.43199875318078623
