t_stat: 21.47915506985738
p_value: 3.7671868436380035e-101
effect_size: 0.3229405534059797
