t_stat: 5.084438163057567
p_value: 3.721790119024631e-07
effect_size: 0.21642255234712643
