t_stat: 23.904658325480515
p_value: 1.7911561805374933e-124
effect_size: 0.35840711202716724
