t_stat: 16.695658317323918
p_value: 3.863612776713116e-62
effect_size: 0.45045380153917125
