t_stat: -82.55286678587551
p_value: 0.0
effect_size: -1.3359021144529712
