t_stat: -15.049795467766076
p_value: 6.754293699912898e-51
effect_size: -0.45503722388886114
