t_stat: 6.42834112050215
p_value: 1.3203801515912878e-10
effect_size: 0.27351675412698734
