t_stat: 29.112329058943274
p_value: 2.2450597180725922e-182
effect_size: 0.476011678831684
