t_stat: 6.187103051415359
p_value: 6.251925282832842e-10
effect_size: 0.284279660679492
