t_stat: -16.79150609693455
p_value: 7.899711947438969e-63
effect_size: -0.45300251462903723
