t_stat: -29.381580196804585
p_value: 1.1835388635623883e-185
effect_size: -0.4373106702516065
