t_stat: 165.78666875064047
p_value: 0.0
effect_size: 2.0029812710742094
