t_stat: -7.0676539485177745
p_value: 1.629742202447131e-12
effect_size: -0.21467045718859964
