t_stat: -38.2058299284562
p_value: 6.760379517645127e-308
effect_size: -0.6153813144342646
