t_stat: -20.011961635983834
p_value: 3.42743817971562e-88
effect_size: -0.8436500309885696
