t_stat: -5.057616517140338
p_value: 4.2843551338137756e-07
effect_size: -0.23245966783422992
