t_stat: -2.978111497422778
p_value: 0.002903924055253664
effect_size: -0.09055271393079105
