t_stat: -2.773106179507628
p_value: 0.005557750614344291
effect_size: -0.07534482886042894
