t_stat: 7.358428237825083
p_value: 1.9357910857555994e-13
effect_size: 0.12276834749330383
