t_stat: 6.4917494242124105
p_value: 8.691972121149403e-11
effect_size: 0.12213476894789772
