t_stat: -1.3100735512375916
p_value: 0.19018661419101474
effect_size: -0.06025135963236545
