t_stat: -4.382662242187088
p_value: 1.1785925380181465e-05
effect_size: -0.06664660795363901
