t_stat: -7.184665864728219
p_value: 6.983658226189043e-13
effect_size: -0.30561561126385633
