t_stat: 7.70841190352499
p_value: 1.3357277501511038e-14
effect_size: 0.12858989893341072
