t_stat: -2.6994757293448797
p_value: 0.006950957547597654
effect_size: -0.08208386799780115
