t_stat: 6.043774500153287
p_value: 1.5332638962360781e-09
effect_size: 0.11372321903360878
