t_stat: -1.3893301361195984
p_value: 0.16474848124835376
effect_size: -0.06389607947870658
