t_stat: -4.482564468620172
p_value: 7.417753856382277e-06
effect_size: -0.06816423971582015
