t_stat: -2.728319565803543
p_value: 0.0063715758687312345
effect_size: -0.07412845912215735
