t_stat: -7.0111228541921395
p_value: 2.4425857400404017e-12
effect_size: -0.298252643573292
