t_stat: -29.732968274266657
p_value: 5.672695993347922e-190
effect_size: -0.44231195653594646
