t_stat: -8.359073330758582
p_value: 6.746932576577928e-17
effect_size: -0.2267481949587835
