t_stat: 153.54167627183207
p_value: 0.0
effect_size: 1.9379420837824262
