t_stat: -40.8086613949126
p_value: 0.0
effect_size: -0.6540603527032542
