t_stat: -8.361126254606782
p_value: 6.630958820013253e-17
effect_size: -0.25382651142849244
