t_stat: -21.496948286356407
p_value: 2.5912828300818408e-101
effect_size: -0.9048326163216501
