t_stat: 0.8350459628309029
p_value: 0.40370221101056913
effect_size: 0.038405468478614216
